faem0_si1392_1 38.3508 -31.04888 -10.46318 -9.166654 -11.21832 -1.998698 18.50948 3.447642 6.247809 -5.24096 -4.613473 -14.82091 -12.65494 -0.5591731 0.504303 1.61 0.3289518 3.232636 1.165745 -6.026183 -0.3917667 1.381758 4.445413 2.94172 2.511547 2.56285 -0.3261847 -0.1668077 -0.1314589 -0.4119736 0.2513791 -0.01998425 -1.283352 0.2172528 0.412052 0.6228664 0.7548792 1.063677 0.7848173
faem0_si1392_2 38.3508 -29.88511 -2.339327 -2.430964 -3.292726 2.997352 5.760813 4.516098 14.78676 7.313382 -6.224341 -16.88169 -8.839561 -1.118348 -0.5043035 0.546513 -0.7988839 2.080654 0.799368 -5.193785 1.531453 3.465306 4.396904 3.112707 3.620428 3.106376 -0.2283294 -0.2599096 -0.7636423 -0.5795825 -0.8189068 -0.7178547 0.1000075 -0.2315255 -1.060225 -1.233564 -0.3469688 0.502436 0.1003128
faem0_si1392_3 35.55493 -29.10925 -6.475107 -10.88974 0.9820631 1.332002 -5.2471 0.95458 8.887121 10.70893 10.90056 -1.232787 -1.748377 -1.07175 -0.4655104 -0.1181656 -0.9868566 1.009128 -8.940697e-08 -5.094737 0.4273826 1.181502 2.171314 2.056956 3.302094 2.752437 0.1351336 -0.3956842 -0.3618807 0.1409798 -1.236228 -0.7078626 1.457594 -0.3098791 -1.640108 -2.526095 -1.917202 -0.7850789 -1.050887
faem0_si1392_4 34.15699 -34.54021 -9.724649 -12.29953 -6.915243 0.3327917 4.418848 12.35144 22.25468 8.768617 3.193046 -3.512834 -2.576344 -0.8853598 -0.5818868 -1.329358 -0.8928701 -1.397661 -2.007191 -2.515419 -1.353511 -3.493207 -2.519904 -1.614635 1.704751 1.169847 0.358804 -0.06594777 0.1506607 0.6015127 -0.3862079 -0.7465255 1.101547 -1.125876 -2.326726 -2.163239 -1.330647 -0.8080499 -1.391136
faem0_si1392_5 35.08895 -31.04888 -7.361346 -9.166654 -4.361423 -0.6664183 -6.29322 1.666884 8.42136 4.887991 0.9626117 -4.994864 -2.024366 -4.768372e-07 -1.435326 0.7385321 1.080844 -1.209348 -0.9702883 -0.07739289 -0.4986799 -3.339528 -4.72666 -4.280618 -0.4560093 -1.723317 0.2889069 0.04655027 0.09010088 0.2725607 0.3496471 -0.5217084 1.064093 -0.6487336 -1.15453 -1.029233 -0.3241479 -0.4501262 -0.8249351
faem0_si1392_6 34.15699 -31.82473 -8.542997 -7.756858 -7.609287 -6.039391 -6.29322 -2.607609 -2.446395 -2.375668 -9.328541 -6.476895 -2.852333 0.1397948 -0.3491344 0.8714682 1.174829 1.258852 -2.448115 -2.19472 -3.634897 -5.90781 -2.970304 -0.3717392 1.45923 -1.611429 0.116495 0.3491321 -0.04726619 -0.2521969 0.6661676 -0.03196001 0.5565908 -0.0322283 0.8474542 0.6172308 0.9483292 -0.3352502 0.139213
faem0_si1392_7 35.55493 -37.64362 -3.373272 -7.756858 -4.717655 -0.333348 -0.2780304 5.940705 4.540019 -7.352227 -4.241734 -2.030803 -10.22697 -0.1397934 -0.3491344 -0.7680736 -0.6579037 1.429107 -2.38808 0.06538242 -1.675592 -3.383845 -2.749653 -0.185232 1.174224 0.01839919 -0.1304746 0.663353 -0.4431194 -0.5842822 0.3982434 0.3605089 0.3539467 0.4278054 1.231791 1.305701 0.8178381 -0.1949441 1.196525
faem0_si1392_8 34.62297 -32.98851 -7.361346 -7.130281 -0.4428666 -12.07432 -9.562345 -7.959957 -5.3437 0.03720856 3.936523 2.301286 -6.532186 -0.2329903 0.6206794 -0.8123857 -1.284481 0.6139495 -1.458095 0.1961476 -0.9261962 0.7662224 -0.4222531 1.079318 -0.7866162 0.9950535 -0.05125773 0.3995633 0.161 -0.08302148 -0.1061329 1.550143 1.16302 1.336771 1.614035 1.000226 0.09287114 -0.3351669 1.074194
faem0_si1392_9 34.15699 -32.21266 -11.79254 -12.76946 -0.7990988 -9.589352 -4.331745 -4.034903 -7.04921 -10.06671 -6.596081 -3.512834 -0.09244347 -0.4659801 1.396533 -0.6351378 -0.6109117 1.10432 0.3372457 0.4969068 0.2859958 -0.5175886 0.527817 -0.9169561 -0.3078065 2.956068 1.67019 1.161945 -0.2661364 0.4495676 -1.27411 1.286903 0.3683957 -0.3903143 1.513048 0.5800912 0.7729622 -0.9417346 0.1442849
faem0_si1392_10 33.69101 -31.43681 -8.395291 -11.67296 -6.498817 -8.701862 -3.285625 -2.250786 7.179331 -3.129692 -2.754778 -9.668961 -2.944329 0.04659748 0.7758503 1.61 0.7362261 0.890581 3.939935 3.404621 2.068165 0.7292351 0.3920922 0.4584783 0.5244108 2.290709 3.78355 1.900329 -1.535199 0.5012606 -2.272216 -0.4492269 -0.1553739 -2.146168 1.071831 -0.150805 1.183868 -1.8533 -0.3363839
faem0_si1392_11 33.69101 -31.43681 -6.031988 -8.540077 3.831922 -0.333348 -0.9318562 4.516098 -4.309439 -3.129692 -5.480864 2.415288 2.759442 8.071362 5.383008 -3.309947 0.579582 -5.079758 1.347419 0.3031247 -5.124344 4.19989 -0.2563689 3.989998 -4.189961 0.09199631 4.683811 2.228089 -2.102987 0.2709942 -3.235284 -2.505437 -0.9986831 -3.092035 2.040267 -0.3227224 1.527873 -3.321201 -0.7144886
faem0_si1392_12 35.08895 -29.49718 -2.19162 -5.563842 1.694528 2.997352 5.760813 -1.894634 -3.06741 -1.47084 5.671306 1.959279 3.495413 14.41609 8.129086 -7.150976 0.6265764 -7.655093 -4.209315 -0.4838306 -8.951862 3.766639 -0.7841853 4.545181 -8.112039 0.7451701 2.968635 1.647984 -1.004999 -0.1315809 -2.442994 -3.256567 -1.961416 -1.921921 1.979294 -0.6969343 0.4327377 -2.688258 -0.5160993
faem0_si1392_13 73.81483 -6.267439 -31.44411 -12.92611 -30.29456 -8.701862 -7.33934 -29.8347 19.07361 -12.17798 9.140869 -30.27676 -2.852333 15.76833 8.86036 -6.769586 0.7988839 -10.79926 -8.115315 -2.552283 -9.664165 8.165041 -0.4976562 4.679058 -12.59559 0.1563938 -1.69986 -0.6355717 2.502875 -0.1879727 0.6938684 -1.437328 -1.070794 1.69294 -0.002790987 -0.4722352 -1.430691 0.8705245 0.009199671
faem0_si1392_14 85.70954 -3.37607 -31.44411 -6.347062 -27.71104 -25.56418 -2.501036 -29.8347 14.321 -2.526474 12.66026 -33.88313 3.587409 11.04128 7.277094 -1.685176 -0.03132927 -8.464637 -7.611534 -4.974753 -5.271532 8.643127 -2.971936 2.277637 -8.714067 -0.321987 -4.64877 -2.005864 4.105005 -0.374379 2.67984 1.416841 -0.7084755 2.893312 -1.546924 -0.2715027 -2.240137 3.278666 0.01519844
faem0_si1392_15 87.22236 -0.1955643 -25.25367 -4.154047 -35.46161 -26.62916 -9.562345 -29.8347 27.82156 -5.090156 14.41995 -42.64145 3.495413 1.259459 2.631146 6.471527 -0.03132796 -1.205643 -4.13811 -2.805385 1.500191 1.747691 -1.523669 -2.029682 0.463676 0.6715732 -4.802407 -2.482433 3.273881 -0.1770075 3.896046 3.363885 0.4320893 2.495436 -3.840046 0.1706257 -2.338303 4.256052 0.4619983
faem0_si1392_16 83.5916 3.852352 -13.71272 -10.10652 -38.04513 -26.09667 -18.00145 -28.25229 35.77425 -19.87443 14.41995 -35.42871 -1.288395 -1.573328 1.214375 6.753491 -0.8302126 0.9472942 0.8862875 -3.899656 -0.06748152 -0.759304 -1.628692 -3.301133 1.751664 0.5635726 -2.785021 -2.42981 1.045822 0.3947428 3.405196 3.845506 1.240278 2.07605 -4.086751 1.55604 -1.828533 2.690772 0.6756693
faem0_si1392_17 81.17109 3.274078 -7.952171 -11.20302 -31.15573 -29.12617 -13.61606 -23.12495 17.08544 -11.12235 -1.887387 -27.18559 2.943435 -1.936405 -0.5204464 5.380483 0.3132882 3.975005 4.4552 -0.929384 0.210989 -6.333972 -0.3161497 -4.223071 3.451807 2.023605 -0.4016602 -2.324661 -0.9046311 0.3540148 2.362154 3.240146 1.389487 2.18416 -2.016545 1.418484 -0.6024595 1.061719 -0.2094775
faem0_si1392_18 80.86853 0.9609833 -6.327401 -6.973638 -25.12751 -19.88424 -19.97246 -33.52698 15.89254 -7.653837 4.308263 -32.85274 6.681261 -1.285896 -3.296161 4.089455 1.770077 5.971018 7.319345 0.288636 5.753319 -7.749794 4.204505 -5.768335 3.245727 2.380343 0.2605286 -2.566765 -1.124511 -0.5130621 1.485062 1.446182 1.611753 2.950135 -0.6558434 0.8789366 -0.02364141 1.461999 -0.9309434
faem0_si1392_19 78.90186 -1.352112 -2.043915 -4.154047 -22.0454 -7.459375 -13.22376 -26.14241 6.092556 -12.7812 -1.639561 -26.6704 9.628612 -0.8925619 -6.73689 3.280391 0.438602 8.093267 8.846091 2.047902 9.510593 -4.839789 2.65215 -3.808379 5.025237 -1.284199 0.3118529 -2.151854 -1.041661 -1.741083 -0.056811 -1.135022 0.6751283 1.818718 1.22476 0.08202429 0.9338183 1.483316 -1.242272
faem0_si1392_20 78.29674 -10.31536 3.780429 -4.780622 -12.74521 -0.333348 -16.75442 2.023035 2.521722 1.977522 -14.54564 -19.45767 7.270731 -0.792613 -8.511228 2.180984 -3.458179 6.313471 5.921754 2.670465 10.03339 -4.785613 1.281841 -3.626686 8.27494 -2.437242 0.1496816 -0.7374438 -0.7179496 -1.877127 -1.547807 -2.952045 -0.1840585 -1.107471 1.656672 -1.22726 2.155741 1.078573 -0.280356
faem0_si1392_21 77.99418 -24.7722 3.395869 -10.10652 3.119458 5.328843 -4.98557 6.653008 -0.4280977 -2.677279 -11.50233 -8.756942 -3.772296 -0.6237822 -8.67218 1.126413 -5.777996 3.519723 -0.5211139 1.255343 7.164542 -1.692265 1.555304 -0.6248042 8.353782 -1.778965 0.04556561 1.082071 -0.1781229 -0.6311449 -2.269372 -3.339596 -1.108152 -2.787928 1.125235 -0.6599206 2.080146 -0.7335709 1.209963
faem0_si1392_22 77.35931 -29.88511 1.857629 -21.2883 -6.142585 3.330422 -10.73923 0.2422765 -4.7752 -6.296594 -8.893784 -0.4347706 1.195505 -0.6718769 -6.015734 1.576696 -4.50726 0.5187557 -2.757277 -0.2353768 1.388992 -1.0402 -1.383374 3.418585 6.974321 1.225946 0.01990438 1.908593 0.1202964 0.7962902 -1.902382 -1.868919 -1.211646 -3.211478 0.6578485 -0.1225548 1.159097 -2.640318 1.165638
faem0_si1392_23 76.25166 -34.92814 4.549549 -24.79019 -7.748096 -11.89683 -9.954639 10.57068 1.279693 -0.8676205 -7.58951 5.587059 3.771401 -0.7251015 -2.574282 2.691921 -2.192581 -0.3562325 -3.512375 -2.039934 -0.1068454 -1.086319 0.6851547 3.069715 2.007694 2.934022 -0.0007855892 1.730845 0.06313741 1.330551 -1.325588 0.3860272 -0.6670917 -2.726357 -0.1750484 0.2165757 -0.4787788 -3.215602 0.05097639
faem0_si1392_24 75.80861 -35.31606 11.08707 -19.97509 -4.717655 -5.506897 -15.44677 7.00916 -3.533171 -5.844179 0.5908728 8.241935 9.628612 -0.6424341 -2.017211 1.999712 -1.269436 -1.260463 -1.927212 -1.740127 -2.388299 -1.799344 1.104142 0.3215377 -1.753607 1.034455 0.0983367 1.010581 -0.1692066 0.9675024 -0.488939 1.148601 0.1575246 -1.220125 0.3152335 1.077637 -2.033548 -2.438331 -1.260939
faem0_si1392_25 75.14402 -34.92814 12.24075 -21.72603 0.6258309 -7.814371 -12.83147 2.735339 -6.480705 0.5222868 -0.8960829 -3.056825 6.681261 -0.642436 -2.017213 1.230592 -0.7441535 -2.218605 0.9939895 -1.32774 -4.578598 -2.187934 1.394425 -1.470174 -3.360263 -1.428338 0.1893268 0.3596857 -0.2768832 0.674894 0.01455837 1.103829 0.4903689 -0.2617816 1.219814 0.3417649 -1.307488 -0.1352267 -1.597611
faem0_si1392_26 74.70096 -39.97117 8.01059 -29.16756 -16.63186 -8.346867 -18.00145 -7.781546 -9.89172 -1.47084 -10.63281 -4.880862 4.91285 -0.2215309 -1.241364 1.461328 -0.3939631 -0.9947526 0.732545 0.1961489 -2.475758 1.086776 3.650177 -4.479208 -2.533357 -2.89757 0.2182066 0.4577514 -0.01922798 0.6828692 0.7848976 -0.06161267 0.01668608 0.9232054 1.671214 0.006178498 0.4126581 1.548778 -0.7092256
faem0_si1392_27 73.59331 -42.68665 12.24075 -23.91472 -12.88402 -5.506897 -15.316 -4.92696 -6.480705 3.917835 -9.328541 -4.652857 -1.012406 0.01107597 -1.163778 1.576696 0.7441525 -0.4162958 0.6768939 -0.5562272 -1.372024 3.569692 1.120961 -1.067352 1.721436 -3.088021 0.1783319 0.5663714 0.01153672 0.3370573 0.5927134 -0.9204007 -0.3189648 1.564238 1.087848 -0.7301605 1.286805 1.81364 0.1200635
faem0_si1392_28 75.47631 -37.64362 18.39371 -20.85056 -2.936493 -2.997909 -13.22376 -1.538482 1.900707 10.70893 -17.58894 -3.626836 -1.012406 0.1218424 -0.1551714 1.73052 1.400757 1.762871 -2.076727 -2.042453 0.6244406 3.677913 1.271766 2.183417 3.449435 -1.681831 -0.006644964 0.4228396 -0.5037735 -0.175095 -0.3650672 -0.779843 -0.4437364 1.207804 -0.9001286 -1.420306 1.496416 0.8113859 0.5910186
faem0_si1392_29 74.81172 -41.9108 14.93267 -22.16377 -8.303331 -7.10438 -18.00145 -7.246311 5.47154 0.03720856 -2.754778 4.92334 -5.796215 0.07753658 0.2715487 1.15368 0.04377317 -0.63385 -2.203377 -1.803263 1.692493 1.955739 -1.067172 1.632537 2.716538 -1.435889 -0.09193444 0.6517153 -0.9960104 -0.3545666 -0.6778669 -0.01161048 -0.01165676 0.9105353 -1.764572 -0.6724516 0.07120426 -1.125376 0.8450875
faem0_si1392_30 74.70096 -41.13495 15.31723 -23.03925 -10.10785 -17.93176 -26.87099 -3.499668 2.521722 6.828304 -3.002604 7.578216 -1.104403 -0.2879887 0.1551723 -0.8460319 -0.9192481 -2.711311 -1.726534 -1.399015 2.031005 -2.606891 -2.357285 1.65293 1.026021 -0.7685428 -0.204915 0.5935259 -1.342115 -0.07372785 -0.3599817 1.159302 0.1896874 0.1104005 -1.229175 -0.5776249 -0.7934113 -1.85012 0.5011891
faem0_si1392_31 74.36866 -39.58324 19.54739 -22.60151 -12.46759 -9.056858 -17.5087 4.516098 2.987483 0.5222868 -8.459026 3.327307 -8.145855 -0.2436848 1.939629 -2.11508 0.1313219 -1.568539 0.4437453 -0.9362297 2.47737 -2.110765 -0.4267711 -0.4460868 -2.693738 0.6807726 -0.08971953 1.121875 -1.211364 1.028093 0.7574158 0.5796041 -1.091036 -0.9978831 -0.62485 -0.3821959 -1.14507 -1.710732 0.2566698
faem0_si1392_32 74.2579 -38.03154 11.85619 -25.22793 -14.41092 -10.65434 -20.46521 2.735339 -9.89172 -1.320034 -6.472167 2.301286 -3.6803 -0.7421265 1.97842 -3.345672 0.9883449 0.4303077 2.396224 -1.527533 0.7840041 -0.4347102 -1.936559 -0.7443279 -3.096028 -0.2342172 0.2226393 1.988345 -0.8195333 2.340629 0.9461958 -0.7161317 -1.843959 -1.61298 0.4117418 -0.8478839 -1.124238 -1.176609 -0.08118065
faem0_si1392_33 73.81483 -33.76436 6.087789 -20.41282 -13.99449 -8.524364 -25.88549 2.023035 1.124439 1.977522 -3.25043 -5.906883 -1.104403 -0.1439943 4.9693 -3.65332 4.230441 1.58242 -1.366735 -7.194183 -2.673421 -2.254601 -3.188515 -2.894184 -3.776099 -0.4197031 0.5945885 2.063015 -0.8413852 2.708259 -0.5640432 -1.975554 -1.364923 -2.053953 0.3217403 -2.379775 0.3501002 -0.6238885 -0.1843532
faem0_si1392_34 71.26724 -34.15229 5.318669 -19.19187 -7.192862 -6.216888 -30.32026 1.666884 1.279693 -3.582108 -9.328541 -3.284829 -5.796215 0.7753582 8.582066 -4.174579 8.734337 0.4441886 -4.401952 -7.489834 -3.4585 -0.4762629 -5.215833 -2.744214 -4.315842 -0.6242082 0.8402648 1.320465 -0.9368452 1.778874 -2.222776 -2.294629 0.2907243 -1.83982 0.7318609 -2.842146 2.161124 -0.7783556 0.3580896
faem0_si1392_35 75.14402 -16.67637 4.549549 -4.467335 -8.164522 -18.10926 -48.55209 -8.316782 -13.87123 -14.28925 -21.50176 -12.76013 -9.186413 1.970512 8.952885 -5.907553 9.799623 -4.395694 -6.034934 -4.779696 -5.671141 -0.4812865 -10.68601 2.304357 -5.203273 -0.0459981 0.4763038 -0.8288587 -0.6744088 -0.499718 -2.560477 -0.7603844 2.897382 -0.975261 1.946971 -2.300254 3.387707 -0.4297924 0.7004158
faem0_si1392_36 77.47009 -3.665207 -8.247584 10.47101 -15.10496 -27.87165 -46.58108 -9.387251 -4.7752 -19.26581 -11.06757 -15.8513 -2.760336 2.401939 6.58895 -6.902781 7.098126 -7.694516 -6.742822 -1.281155 -6.916235 2.337936 -12.39854 7.462023 -6.274219 1.369378 -0.07073617 -2.597245 0.4430123 -2.657861 -1.161372 0.5995212 3.34086 -0.216258 1.467969 -0.5439744 1.945904 -0.02813864 0.6121488
faem0_si1392_37 80.56596 -4.243481 -16.66685 13.75385 -32.01691 -27.87165 -41.65356 -20.8056 1.745453 -43.61066 9.140869 -25.64001 -2.852333 1.424232 1.821563 -5.661263 2.549956 -7.15061 -3.998221 4.188394 -5.820859 6.073155 -11.09843 8.941234 -4.945872 2.085583 -0.5708663 -2.573801 1.610348 -2.926893 1.181176 1.25494 2.365211 0.9970955 0.6682301 2.153726 -1.208166 0.7870933 0.1730897
faem0_si1392_38 80.56596 -7.423986 -18.58704 7.188166 -33.73925 -35.0498 -40.1753 -26.66988 5.161034 -50.91412 12.66026 -28.21598 -2.116363 0.6948156 -0.838497 -2.082662 -0.9301388 -3.98521 -2.422701 4.730422 -4.46493 3.586359 -7.729493 3.666868 -4.585236 1.370745 -0.6712215 -1.387183 2.035307 -1.767635 2.443422 1.362493 1.098838 1.352226 -0.441088 3.46174 -3.300403 1.620632 -0.6471074
faem0_si1392_39 80.71725 -5.689165 -18.58704 9.923868 -34.60043 -34.51129 -30.81301 -28.77976 11.52643 -53.95723 11.34049 -31.30715 0.9195156 -0.03025818 -0.2023958 -0.2658722 -0.8207105 -0.3444676 -1.920292 4.040569 -1.911314 2.235652 -2.2519 -1.838895 -2.112298 0.8187673 -0.504097 0.01734794 1.507428 -0.6084766 2.319512 0.8157392 -0.3301441 0.6928676 -1.080733 3.613428 -3.448169 2.045324 -1.467294
faem0_si1392_40 80.86853 -7.13485 -17.7008 7.735307 -33.73925 -36.66534 -28.34925 -27.72482 8.266107 -52.73999 6.166958 -35.94391 2.207464 -0.226922 0.6650147 0.5760567 -0.05471396 1.119526 -0.9693232 4.286945 -2.109878 2.051248 0.4868946 -3.649926 0.4121552 -1.23275 -0.4486618 0.8124747 0.6188904 -0.2079134 1.48598 0.8704339 -0.6701433 -0.1026887 -0.7039801 3.030936 -1.77082 2.158667 -1.815987
faem0_si1392_41 80.2634 -5.400028 -18.43933 9.376728 -33.73925 -36.66534 -27.36374 -29.8347 11.37118 -53.95723 3.193046 -32.33754 -0.9204102 -0.6353855 1.156547 0.5465147 -0.9301388 1.894582 -0.646215 2.759412 -3.534043 1.437047 2.86052 -4.641212 2.782053 -3.949137 -0.530472 0.9296834 0.3279082 -0.9372063 0.5683744 1.233704 -0.6602886 -0.3403699 -1.432275 1.777175 -0.1204437 1.674383 -1.710181
faem0_si1392_42 79.65827 -4.243481 -15.78061 7.188166 -28.57221 -38.81939 -20.46521 -36.6918 15.4949 -48.47964 -1.515648 -25.64001 -7.360152 -1.245931 2.544405 0.6055968 -1.914992 2.325169 1.292428 2.020283 -4.167008 0.4657611 4.868971 -3.786073 3.760924 -5.325236 -0.7654629 0.7099395 0.5863938 -1.436878 0.4658312 1.205063 -0.4880602 1.358705 -2.789488 0.4625525 1.20841 0.7367289 -0.6730711
faem0_si1392_43 78.14545 -1.352112 -16.81456 5.546745 -27.71104 -36.66534 -20.95797 -41.96649 15.09727 -41.7848 -8.024267 -22.54884 -14.04236 -2.173118 3.506326 1.358899 -4.576603 1.894582 3.117352 1.872457 -2.584599 -4.13298 4.442936 -2.37304 4.585235 -5.685895 -0.8127768 0.113152 1.141263 -1.090947 0.835122 0.4358937 0.01962209 3.184997 -3.242487 -0.8459836 2.013954 -0.6646014 0.6788331
faem0_si1392_44 75.69785 3.563217 -15.4852 0.07534027 -25.12751 -30.2032 -21.45072 -42.49396 8.731868 -34.48135 -7.154751 -22.03364 -17.85774 -3.285376 3.039822 3.101835 -5.415874 3.448681 3.174212 2.290123 4.208922 -9.111179 2.008451 1.258036 3.194209 -3.729727 -0.5173113 -0.7590928 1.256326 -0.1867032 1.128266 -0.8227196 0.2264996 3.307011 -2.060212 -1.679795 1.936994 -1.968045 1.581609
faem0_si1392_45 71.37801 8.228254 -11.79254 -9.949873 -25.98869 -25.38668 -17.5087 -39.85661 -5.912205 -38.74169 -5.852602 -11.21455 -24.10109 -3.679555 1.474599 5.004713 -4.634434 5.508436 0.5923634 2.722603 8.202973 -9.986919 0.06086349 2.906503 -0.2575974 -1.352726 0.02936125 -1.174889 0.8170863 0.7169911 1.148948 -1.222091 -0.1227212 1.362809 0.4556389 -1.12595 0.952282 -2.478088 1.829256
faem0_si1392_46 66.61511 6.165447 -2.782446 -12.14289 -12.18998 -28.58766 -10.73923 -16.70213 -19.55626 -39.95894 3.688698 -15.33611 -20.97942 -3.079268 -0.2351949 5.064319 -2.819592 6.159571 -1.558675 2.72771 6.974263 -6.908329 -1.338966 3.259124 -3.657883 0.4162242 0.5700154 -0.8458339 -0.12744 0.8803238 -0.02553732 -0.119617 -0.8224269 -1.90907 2.241055 -0.2008457 -0.4827793 -1.308595 1.08933
faem0_si1392_47 64.28905 4.719765 1.857629 -11.51631 -6.637627 -34.51129 -12.7007 -13.84754 -20.69326 -38.74169 1.086525 -27.18559 -19.24515 -2.129363 -0.7306123 4.463089 -2.289788 6.283876 -0.6266589 1.040058 2.84678 -2.95621 0.486896 1.387825 -4.379157 1.387411 0.7173862 -0.1759851 -0.9338731 0.6236413 -1.169402 1.634487 -1.12982 -3.395843 2.18225 0.2251892 -0.9468654 0.7624888 0.1248668
faem0_si1392_48 63.84599 4.141487 3.011309 -13.2394 -4.00519 -33.43427 -10.21617 -20.62718 -18.41925 -41.17618 5.671306 -32.33754 -18.20459 -1.210396 -0.08674169 2.735447 -2.186577 2.933275 3.18564 -0.9807382 -2.658332 -1.421254 0.7912087 -0.3965216 -1.287987 0.3468547 0.5636783 0.218407 -1.078458 0.3427717 -1.533354 2.038461 -0.8273883 -2.641162 0.8586437 0.09737909 -0.6815641 1.828942 -0.2774824
faem0_si1392_49 62.11576 5.587173 7.626029 -20.85056 1.338296 -26.09667 -12.56994 -23.66018 -21.26176 -35.69859 0.09522104 -24.60962 -18.55145 -1.027062 0.5204461 1.499784 -1.832735 1.274575 6.392641 -1.072273 -3.959941 -1.819207 0.1217232 -2.384186e-07 2.369896 -0.693707 0.3538744 0.01601111 -0.7816026 0.4680869 -1.200995 0.4114643 0.4379674 -1.329143 -0.380897 -0.3895177 0.4510564 1.154036 -0.4023493
faem0_si1392_50 61.64978 5.298035 8.01059 -18.40865 -1.511564 -16.86677 -15.7083 -25.08747 -26.37828 -37.52445 2.201742 -23.06403 -19.592 -0.8120251 0.2313104 1.15368 -1.33426 0.9974505 5.123979 -0.353066 -2.828184 -3.183612 -0.6694827 0.5452169 2.1123 0.06937122 0.3541052 -0.479967 -0.608619 0.6695572 -0.1334537 -1.581689 1.615077 0.512202 0.3411011 -0.1825864 0.08013177 -0.0618242 0.2982933
faem0_si1392_51 60.25184 6.743721 6.856909 -18.09536 -1.511564 -10.83184 -15.316 -31.4171 -25.80978 -39.95894 2.821306 -19.97286 -22.01998 -0.5591774 -0.8095828 1.34596 -0.3755126 1.246813 0.461494 2.916059 -3.71401 -3.979515 -0.7303448 3.172238 -0.3091173 -0.4855933 0.5543616 -0.8818676 -0.9511572 1.045695 0.1796886 -1.9063 1.564079 2.09997 2.10976 1.052429 -1.025972 -0.5151957 0.9711885
faem0_si1392_52 60.71782 4.719765 9.164269 -21.2883 2.406993 -15.44679 -10.60847 -30.88964 -32.0633 -42.39342 7.034348 -24.09442 -16.12347 0.3261843 -1.821562 -0.230736 0.4325984 2.279888 -1.757231 5.100484 -0.2202883 1.364405 0.3043113 -1.581982 -0.2575989 1.734264 0.4161737 -1.24618 -1.348093 1.527298 -0.04274774 -0.2721831 0.6513399 3.55761 3.49848 1.977533 -1.927391 0.9111559 1.403298
faem0_si1392_53 59.78586 1.828394 13.77899 -21.2883 5.613084 -24.49919 -0.5395603 -39.32914 -38.31683 -36.91583 13.54011 -25.64001 -22.71368 1.175641 -2.862456 -2.563793 2.51231 1.5318 0.3017476 4.021348 5.235962 6.455582 4.896972 -4.066258 0.978869 3.329789 0.2519739 -1.703016 -1.681884 1.168583 -0.8834563 0.9851354 -1.38418 3.831352 3.090117 2.158927 -1.816513 1.955712 1.229871
faem0_si1392_54 63.51369 -1.352112 3.395869 -14.64919 6.32555 -18.81925 2.4059 -22.23289 -13.30273 -37.52445 -11.06757 -21.51845 -10.57383 0.4014292 -4.973154 -3.631909 4.858317 0.6412187 3.842938 2.350989 10.48488 9.091239 6.404524 -5.472491 6.024088 5.178167 0.02528501 -1.865801 -1.219426 0.06915823 -1.56386 0.7290783 -2.522267 1.35374 0.2641594 1.659357 0.670243 1.342626 -0.1885316
faem0_si1392_55 64.73211 -4.532618 -3.077859 -8.853365 4.188156 -7.636873 -1.716445 -9.565662 -2.912156 -17.90857 -8.459026 -16.3665 -8.145855 0.6630659 -7.748868 -5.362872 3.254543 -2.351134 2.587087 -2.630092 10.09017 7.607656 7.014181 -3.965069 6.328599 3.941811 0.09567714 -1.096696 -0.4056356 -1.191931 -1.453109 -0.2830575 -1.88782 -1.883035 -1.660186 0.1690319 1.750749 -0.1271338 -1.389424
faem0_si1392_56 60.25184 -16.9655 -0.5668488 -3.214182 6.32555 -4.663259 1.734917 6.653008 -4.309439 -19.87443 -9.328541 1.389267 2.483454 0.7088957 -8.707359 -4.928325 0.4072735 -3.597948 0.7454919 -4.185128 4.121309 2.109165 7.542494 1.718638 3.780667 0.485595 0.4772828 0.7978004 0.3217788 -1.958155 -1.210505 -1.151942 -1.010044 -4.22201 -2.032521 -0.1887888 2.280756 -1.700307 -1.954343
faem0_si1392_57 64.73211 -29.10925 -11.05401 -10.73309 -6.142585 -18.64175 -13.35453 -3.321255 -4.7752 -10.66993 -7.154751 -5.450874 -9.533266 1.500293 -6.478835 -3.943763 -1.221823 -3.614164 0.4351834 -2.149693 -0.9974264 1.645689 5.173146 1.091922 1.464911 -1.271042 0.3502085 2.525033 1.286242 -1.466014 0.1295798 -0.3707519 0.7682767 -3.420014 -1.432808 -0.4780325 1.889337 -1.114816 -0.3398952
faem0_si1392_58 67.05817 -32.60059 -17.25768 -11.67296 -6.498817 -9.589352 -12.7007 -4.748549 -1.825381 -3.431302 -3.126517 -8.072927 -7.452148 2.369228 -1.619168 -2.732569 -2.694276 -4.779793 -0.8408182 -2.93943 -5.081374 1.90962 6.3811 3.402793 -0.04560094 -1.98712 0.1346378 2.962931 1.637051 -0.5519436 1.003457 -0.2001969 1.16053 -1.061717 -0.5444834 -0.8463862 0.4898365 -0.2596514 0.9833137
faem0_si1392_59 68.83041 -29.10925 -14.45126 -10.73309 -7.470478 -2.997909 -5.2471 -8.852016 4.074258 -0.2644005 -6.100429 -4.31085 -9.533266 1.58394 1.332199 -0.02954078 -2.524754 -1.112312 1.526483 0.5884423 -2.408557 0.5433878 5.204717 4.63954 2.667655 3.478693 -0.2146542 2.123132 1.330836 0.05546904 1.238659 -0.1053296 1.041641 0.8664089 -0.3306902 -1.195375 -0.391132 -0.0775178 1.409272
faem0_si1392_60 70.04883 -25.06134 -12.53107 -16.68556 -16.90947 -16.68927 -17.01595 -15.98848 0.8139315 6.828304 7.158261 0.5912504 -7.452148 1.340259 2.201779 1.299818 -1.700979 0.1684127 -0.8011422 0.2484524 -0.4817114 -0.06210148 3.294777 2.394011 1.881039 3.027295 -0.5026441 0.835389 0.7518257 0.7587137 1.448766 0.5635664 1.407783 1.225016 0.01863043 -2.158013 -2.04338 -0.4240887 0.710413